Webots Project File version R2025a
perspectives: 000000ff00000000fd0000000200000001000003b3000003fbfc0200000001fb0000001400540065007800740045006400690074006f0072000000001d000003fb0000004400ffffff00000003000003be000002c3fc0100000001fb0000001a0043006f006e0073006f006c00650041006c006c0041006c006c0100000000000003be0000006900ffffff000003be0000019100000001000000020000000100000008fc00000000
simulationViewPerspectives: 000000ff00000001000000020000019c000004ad0100000002010000000100
sceneTreePerspectives: 000000ff0000000100000003000000260000002c000000fa0100000002010000000200
maximizedDockId: -1
centralWidgetVisible: 1
orthographicViewHeight: 1
textFiles: -1
consoles: Console:All:All
renderingDevicePerspectives: DRLcar:camera;1;1.03125;0.00167084;0
