Webots Project File version R2025a
perspectives: 000000ff00000000fd0000000200000001000003b3000003fbfc0200000001fb0000001400540065007800740045006400690074006f0072000000001d000003fb0000004400ffffff0000000300000a00000001e7fc0100000001fb0000001a0043006f006e0073006f006c00650041006c006c0041006c006c010000000000000a000000006900ffffff00000a00000003fb00000001000000020000000100000008fc00000000
simulationViewPerspectives: 000000ff00000001000000020000019c000004ad0100000002010000000100
sceneTreePerspectives: 000000ff000000010000000300000026000000c0000000fa0100000002010000000200
maximizedDockId: -1
centralWidgetVisible: 1
orthographicViewHeight: 1
textFiles: -1
consoles: Console:All:All
renderingDevicePerspectives: DRLcar:camera;1;1.03125;0.00167084;0
